latitude: 00.000000
longitude: 00.000000
elevation: 000
